              precision    recall  f1-score   support

           0       0.96      1.00      0.98        45
           1       0.94      1.00      0.97        45
           2       0.72      0.58      0.64        45
           3       0.92      1.00      0.96        45
           4       0.98      0.89      0.93        45
           5       0.93      0.96      0.95        45
           6       0.92      1.00      0.96        45
           7       1.00      1.00      1.00        45
           8       0.95      0.93      0.94        45

    accuracy                           0.93       405
   macro avg       0.92      0.93      0.92       405
weighted avg       0.92      0.93      0.92       405
