              precision    recall  f1-score   support

           0       0.89      1.00      0.94        17
           1       1.00      1.00      1.00        16
           2       1.00      0.57      0.72        23
           3       1.00      1.00      1.00        20
           4       0.85      1.00      0.92        17
           5       1.00      1.00      1.00        17
           6       0.89      1.00      0.94        17
           7       0.94      1.00      0.97        17
           8       0.85      0.94      0.89        18

    accuracy                           0.93       162
   macro avg       0.94      0.95      0.93       162
weighted avg       0.94      0.93      0.93       162
