              precision    recall  f1-score   support

           0       0.98      1.00      0.99        62
           1       0.98      1.00      0.99        62
           2       1.00      0.71      0.83        45
           3       0.93      1.00      0.96        65
           4       0.98      1.00      0.99        57
           5       0.95      1.00      0.97        57
           6       0.98      1.00      0.99        57
           7       1.00      1.00      1.00        57
           8       0.98      1.00      0.99        57

    accuracy                           0.97       519
   macro avg       0.98      0.97      0.97       519
weighted avg       0.98      0.97      0.97       519
