              precision    recall  f1-score   support

           0       1.00      1.00      1.00        55
           1       1.00      1.00      1.00        55
           2       0.93      0.84      0.88        45
           3       0.96      1.00      0.98        55
           4       0.98      1.00      0.99        55
           5       0.95      1.00      0.97        55
           6       0.98      0.95      0.96        55
           7       1.00      1.00      1.00        55
           8       1.00      1.00      1.00        55

    accuracy                           0.98       485
   macro avg       0.98      0.98      0.98       485
weighted avg       0.98      0.98      0.98       485
