              precision    recall  f1-score   support

           0       1.00      1.00      1.00        60
           1       1.00      1.00      1.00        60
           2       1.00      1.00      1.00        60
           3       1.00      1.00      1.00        55
           4       1.00      1.00      1.00        55
           5       1.00      1.00      1.00        55
           6       1.00      1.00      1.00        55
           7       1.00      1.00      1.00        55

    accuracy                           1.00       455
   macro avg       1.00      1.00      1.00       455
weighted avg       1.00      1.00      1.00       455
