              precision    recall  f1-score   support

           0       1.00      1.00      1.00        45
           1       0.98      1.00      0.99        45
           2       0.64      0.67      0.65        45
           3       0.92      1.00      0.96        45
           4       0.78      0.64      0.71        45
           5       0.94      1.00      0.97        45
           6       0.92      0.98      0.95        45
           7       1.00      1.00      1.00        45
           8       1.00      0.89      0.94        45

    accuracy                           0.91       405
   macro avg       0.91      0.91      0.91       405
weighted avg       0.91      0.91      0.91       405
