              precision    recall  f1-score   support

           0       1.00      0.97      0.98        60
           1       0.98      1.00      0.99        60
           2       0.90      0.82      0.86        45
           3       0.97      1.00      0.98        60
           4       0.96      1.00      0.98        55
           5       0.95      1.00      0.97        55
           6       1.00      0.96      0.98        55
           7       1.00      1.00      1.00        55
           8       1.00      1.00      1.00        55

    accuracy                           0.98       500
   macro avg       0.97      0.97      0.97       500
weighted avg       0.98      0.98      0.98       500
